Informations :
--------------
name  : field
shape : (4, 101)
NaNs  : False

Temps 0 - 0 [an]
--------
min      : 0.011489467820629429
max      : 0.9984530453064618
mean     : 0.4614943944869707
std      : 0.296025804958643
skew     : 0.13777957157340073
kurtosis : -1.332100627746583

Temps 1 - 1 [an]
--------
min      : 0.001372970417373276
max      : 0.9985438460541953
mean     : 0.4875667645882018
std      : 0.2945092378398674
skew     : 0.08131087120627498
kurtosis : -1.273308211486789

Temps 2 - 2 [an]
--------
min      : 0.026588575319481667
max      : 0.9988064384182954
mean     : 0.5449461035085378
std      : 0.2794818069800806
skew     : -0.025530639609157444
kurtosis : -1.1733471453650752

Temps 3 - 3 [an]
--------
min      : 0.02195745439407437
max      : 0.974569863056428
mean     : 0.5215617611366735
std      : 0.2951531786572354
skew     : -0.15869596138724867
kurtosis : -1.2557146870255143
